33333400003333333333400003333333333400003333333333
33333000003333333333000003333333333000003333333333
33333000003333333333000003333333333000003333333333
33333000003333333333000003333333333000003333333333
33333333333333333333333333333333333333333333333333
33333333333333333333333333333333333333333333333333
33333333333333333333333333333333333333333333333333
33333400003333333333400003333333333400003333333333
33333000003333333333000003333333333000003333333333
33333000003333333333000003333333333000003333333333
33333000003333333333000003333333333000003333333333
33333333333333333333333333333333333333333333333333
33333333333333333333333333333333333333333333333333
33333333333333333333333333333333333333333333333333
33333400003333333333400003333333333400003333333333
33333000003333333333000003333333333000003333333333
33333000003333333333000003333333333000003333333333
33333000003333333333000003333333333000003333333333
33333333333333333333333333333333333333333333333333
33333333333333333333333333333333333333333333333333
33333333333333333333333333333333333333333333333333